%YAML:1.0
---
MatrixVocabolary: !!opencv-matrix
   rows: 50
   cols: 32
   dt: f
   data: [ 8.86168823e+01, 1.68279221e+02, 2.85974026e+01,
       1.70558441e+02, 1.94610386e+01, 1.71772720e+02, 6.32727280e+01,
       1.96500000e+02, 1.41512985e+02, 3.85194817e+01, 1.60772720e+02,
       1.52857141e+01, 8.31363602e+01, 2.12772720e+02, 9.27597427e+01,
       1.44155838e+02, 1.85129868e+02, 1.77396103e+02, 2.03045456e+02,
       5.89610386e+00, 1.57662334e+01, 9.54935074e+01, 1.29974030e+02,
       1.59311691e+02, 1.78415588e+02, 2.06551941e+02, 1.54805193e+01,
       6.56818161e+01, 8.18441544e+01, 1.18636360e+01, 6.45259705e+01,
       9.45454502e+00, 5.28980713e+01, 4.11184578e+01, 3.92093658e+01,
       5.97561989e+01, 2.65977955e+00, 6.56804428e+01, 2.13415985e+01,
       3.63498616e+00, 8.43581314e+01, 3.82465553e+01, 3.69201126e+01,
       1.08512402e+01, 2.14793396e+01, 2.18016529e+01, 4.95592308e+00,
       4.92851257e+01, 2.71487617e+00, 2.33292007e+01, 7.49063339e+01,
       6.07300282e+00, 6.18595028e+00, 7.81528931e+01, 1.55257584e+02,
       3.56611586e+00, 4.06005516e+01, 1.41966949e+02, 3.50000000e+00,
       2.31253452e+01, 6.66046829e+01, 5.51377439e+00, 4.35165291e+01,
       4.67438011e+01, 5.49900131e+01, 1.68202991e+01, 4.37337761e+01,
       9.08968353e+01, 4.72046585e+01, 1.64775372e+01, 8.94143066e+01,
       4.46705475e+01, 1.09590675e+02, 3.13826942e+01, 9.41131439e+01,
       8.64708786e+01, 1.99955063e+02, 3.66089821e+01, 1.27805321e+02,
       1.12868546e+02, 2.81813641e+01, 6.70299454e+01, 7.79234619e+01,
       6.12445908e+01, 1.72116470e+02, 1.67354401e+02, 3.83976707e+01,
       1.61713810e+01, 1.58702164e+02, 1.74833603e+02, 5.12179680e+01,
       5.32612305e+01, 5.23361053e+01, 1.56257904e+02, 5.57504158e+01,
       2.03926773e+01, 1.13475983e+02, 3.28034935e+01, 3.41615715e+01,
       1.87235809e+02, 3.55502205e+01, 1.34021835e+02, 1.07301315e+02,
       7.25982513e+01, 1.56292572e+02, 1.64366817e+01, 1.60786026e+02,
       1.49475985e+01, 1.39694328e+01, 2.09480347e+02, 4.49170303e+01,
       1.87751099e+02, 2.29262009e+02, 1.62257645e+02, 1.76100433e+02,
       8.44235840e+01, 1.56506557e+01, 4.87248917e+01, 1.71912674e+02,
       1.93244537e+02, 1.47899567e+02, 1.92768555e+02, 1.34288208e+02,
       5.69126663e+01, 8.73973846e+01, 1.40655022e+01, 1.07537117e+02,
       6.27423592e+01, 1.84963806e+02, 8.13352356e+01, 1.04929520e+02,
       6.60057144e+01, 1.00838099e+01, 5.45561905e+01, 6.11371422e+01,
       3.75923805e+01, 9.70952377e+01, 1.76737137e+02, 3.86209526e+01,
       5.12209511e+01, 8.23028564e+01, 4.07371407e+01, 4.40914268e+01,
       8.46990433e+01, 5.74476194e+00, 8.21085739e+01, 1.11375237e+02,
       9.53733292e+01, 1.43700958e+02, 1.04756187e+02, 1.64584763e+02,
       1.12476187e+01, 5.80780945e+01, 1.68733337e+02, 7.30990448e+01,
       1.26552382e+01, 7.31104736e+01, 1.04057144e+02, 6.41314316e+01,
       3.42799988e+01, 6.99283218e+01, 1.60296921e+02, 5.80273018e+01,
       9.86211548e+01, 6.00955620e+01, 7.80614319e+01, 8.05802002e+01,
       1.39720139e+02, 7.15119400e+01, 1.45269623e+02, 1.33228668e+02,
       1.00068254e+01, 3.16723537e+01, 5.47610893e+01, 6.73583603e+01,
       4.70068245e+01, 7.34675751e+01, 7.26689377e+01, 6.86040955e+01,
       1.61911259e+01, 1.17098970e+01, 9.74300308e+01, 2.36587021e+02,
       1.97440262e+01, 1.81931732e+02, 1.42061432e+02, 7.95904398e+00,
       8.83788376e+01, 9.03310547e+01, 1.29146757e+01, 7.87576752e+01,
       6.79658661e+01, 6.53410034e+01, 5.71621323e+01, 1.64009415e+02,
       6.61663132e+01, 8.86600418e+01, 9.57960205e+01, 1.32468615e+01,
       1.87322178e+01, 8.70491638e+01, 1.81210251e+02, 3.41098328e+01,
       1.44633884e+01, 2.41956062e+01, 4.21924667e+01, 6.54790802e+01,
       5.93514633e+01, 3.80020905e+00, 7.90533447e+01, 8.13964386e+01,
       1.81589947e+01, 1.22625523e+01, 9.38221741e+01, 1.67116104e+02,
       2.27196646e+00, 2.55135975e+01, 1.38303345e+02, 2.75397491e+01,
       5.25596237e+01, 1.90581589e+02, 1.03427818e+02, 4.56046028e+01,
       5.31589928e+01, 1.90487804e+01, 2.52243900e+01, 8.01414642e+01,
       1.82378052e+02, 9.11731720e+01, 1.21195126e+01, 2.15592682e+02,
       3.25365868e+01, 1.04121948e+02, 2.69951229e+01, 1.43831711e+02,
       1.89629272e+02, 1.85890244e+02, 1.42073174e+01, 1.11234146e+02,
       7.47487793e+01, 1.14314636e+02, 1.04699997e+02, 9.69682922e+01,
       1.25370735e+02, 3.67121964e+01, 1.81607315e+02, 1.41812195e+02,
       8.94658508e+01, 1.23453659e+02, 1.55124390e+02, 1.35395126e+02,
       3.62975616e+01, 5.21731720e+01, 1.16612198e+02, 7.42536621e+01,
       1.49107315e+02, 8.75398636e+01, 5.66335678e+01, 1.63865738e+02,
       8.38685379e+01, 1.12212593e+02, 8.66391678e+01, 6.22181854e+01,
       6.07692337e+00, 8.69118881e+01, 1.77483917e+02, 3.73188820e+01,
       1.32853155e+01, 4.95090942e+01, 5.35007019e+01, 6.73272781e+01,
       5.68713303e+01, 3.85594416e+00, 8.37510529e+01, 1.01738464e+02,
       2.33412590e+01, 1.04517488e+01, 9.27496567e+01, 1.87418182e+02,
       9.04895127e-01, 1.88667145e+02, 1.48330078e+02, 4.81342659e+01,
       5.69132881e+01, 1.90213989e+02, 1.08267136e+02, 6.54153900e+01,
       4.18587418e+01, 6.17149658e+01, 1.91163902e+01, 7.77624741e+01,
       2.12144897e+02, 2.12684097e+01, 6.52327805e+01, 8.21258926e+01,
       3.85843239e+01, 5.32280312e+01, 5.06769600e+01, 5.92114029e+01,
       5.99762497e+01, 2.13703094e+02, 5.00902634e+01, 1.96674597e+00,
       1.12871742e+02, 1.04895493e+02, 7.97648468e+01, 1.20565323e+02,
       3.03895493e+01, 2.97244663e+01, 1.87798111e+02, 1.03337296e+02,
       1.05368176e+01, 1.94503571e+02, 1.70296921e+02, 8.43206711e+01,
       6.42755365e+00, 9.75771999e+00, 8.83254166e+01, 5.78859901e+00,
       4.96365814e+01, 1.76486374e+02, 6.59203339e+01, 8.32138367e+01,
       8.89622574e+01, 8.40167694e+01, 2.39853249e+01, 7.85220108e+01,
       7.69182358e+01, 9.76876297e+01, 1.87083847e+02, 1.32291397e+02,
       9.07777710e+01, 1.93442337e+02, 4.45010452e+01, 1.22035637e+02,
       9.89622574e+01, 2.25639400e+01, 1.49410904e+02, 1.13551361e+02,
       1.08463310e+02, 2.12792450e+02, 1.97341705e+02, 1.96723267e+02,
       1.38301878e+01, 1.73983215e+02, 1.70828079e+02, 9.37400360e+01,
       3.71949692e+01, 8.14968491e+01, 2.26737930e+02, 6.91341705e+01,
       3.88532486e+01, 5.03276711e+01, 3.09684467e+01, 3.12524281e+01,
       1.42728149e+02, 6.73446579e+01, 1.74101944e+01, 1.72468445e+02,
       6.37791252e+01, 9.53301010e+01, 3.54805832e+01, 2.14529129e+02,
       4.45364075e+01, 1.39116501e+02, 7.94878616e+01, 1.70145626e+01,
       7.87475739e+01, 1.11080101e+02, 1.40662628e+02, 1.06468445e+02,
       1.29686890e+02, 7.37378645e+00, 1.68567963e+02, 1.83138351e+02,
       5.54150505e+01, 1.29218445e+02, 9.71043701e+01, 1.34283981e+02,
       2.16650486e+01, 5.89101944e+01, 1.33325243e+01, 7.76917496e+01,
       1.26490295e+02, 2.94505939e+01, 3.03794479e+01, 3.87391319e+01,
       1.53418976e+02, 5.75731239e+01, 1.46917000e+01, 1.41600800e+02,
       4.60750999e+01, 7.42885437e+01, 3.34229279e+01, 1.97976288e+02,
       7.35256958e+01, 1.69011871e+02, 4.28695679e+01, 1.69565220e+01,
       6.99288559e+01, 1.31778656e+02, 9.45415039e+01, 1.05367592e+02,
       2.36166019e+01, 8.69565296e+00, 1.87114639e+02, 1.80549408e+02,
       3.76798439e+01, 1.33513840e+02, 1.56790527e+02, 3.91976318e+01,
       2.04861660e+01, 5.18221359e+01, 4.16284599e+01, 3.92055359e+01,
       1.32952576e+02, 8.94837341e+01, 3.74715424e+01, 1.84674797e+01,
       6.33658524e+01, 2.96260147e+01, 1.07443085e+02, 4.75040627e+01,
       6.66138153e+01, 1.55987793e+02, 4.38658524e+01, 1.42138199e+02,
       2.73170719e+01, 1.38837387e+02, 1.85617874e+02, 4.65284538e+01,
       5.63048744e+01, 1.56252029e+02, 5.44227638e+01, 1.03951218e+02,
       1.04146338e+01, 1.09186983e+01, 4.91747932e+01, 1.52528442e+02,
       5.37073135e+01, 1.44792679e+02, 3.91097565e+01, 1.35975609e+01,
